% LU decomp solving 

a = [1 2 4; 3 8 14; 2 6 13;];
b = [3; 13; 4;];
i = [1 0 0; 0 1 0; 0 0 1;];